lda_x = [0, 0.00013245033112582781, 0.00013245033112582781, 0.00015894039735099338, 0.00026490066225165563, 0.0003708609271523179, 0.00039735099337748344, 0.000609271523178808, 0.0008211920529801325, 0.0011920529801324503, 0.0021721854304635763, 0.003443708609271523, 0.004635761589403974, 0.007231788079470199, 0.011496688741721856, 0.016556291390728478, 0.022966887417218546, 0.03157615894039735, 0.04137748344370861, 0.05245033112582782, 0.06498013245033113, 0.08336423841059604, 0.10291390728476821, 0.1296158940397351, 0.160476821192053, 0.19671523178807948, 0.23777483443708608, 0.2793112582781457, 0.3166092715231788, 0.3507019867549669, 0.38206622516556293, 0.41517880794701983, 0.44402649006622513, 0.4808211920529801, 0.5207682119205298, 0.5662251655629139, 0.6174834437086093, 0.6753112582781458, 0.7341986754966887, 0.7948079470198676, 0.8481589403973508, 0.8868079470198674, 0.9158675496688742, 0.9376953642384107, 0.9553377483443709, 0.9694834437086092, 0.9801324503311258, 0.9880529801324502, 0.9929801324503312, 0.9959205298013245, 0.9977483443708609, 1]

lda_y = [0, 0.020081632653061225, 0.018612244897959186, 0.02293877551020408, 0.025877551020408163, 0.03224489795918367, 0.039102040816326525, 0.045061224489795916, 0.0556734693877551, 0.06653061224489797, 0.0846530612244898, 0.10832653061224488, 0.14114285714285715, 0.17991836734693878, 0.2239183673469388, 0.28024489795918367, 0.3302857142857143, 0.38081632653061226, 0.4337142857142857, 0.487265306122449, 0.5389387755102041, 0.595265306122449, 0.6440816326530612, 0.6973061224489797, 0.7518367346938775, 0.8099591836734692, 0.8591020408163266, 0.8974693877551021, 0.9169795918367345, 0.9332244897959183, 0.945877551020408, 0.9572244897959182, 0.9637551020408163, 0.9750204081632654, 0.9819591836734695, 0.9880816326530614, 0.9928979591836734, 0.9946938775510205, 0.9978775510204082, 0.9991020408163264, 0.9991836734693876, 0.9995918367346939, 0.9996734693877551, 0.9998367346938775, 1.0, 1.0, 1.0, 1.0, 1.0, 1.0, 1.0, 1]

qda_x = [0, 0.0005562913907284768, 0.0006622516556291391, 0.0007682119205298013, 0.0010860927152317882, 0.0019602649006622516, 0.004450331125827815, 0.00956291390728477, 0.017112582781456952, 0.02474172185430464, 0.025695364238410595, 0.026092715231788077, 0.026701986754966895, 0.027973509933774836, 0.02900662251655629, 0.030119205298013246, 0.03239735099337748, 0.03488741721854304, 0.03758940397350994, 0.04029139072847682, 0.04347019867549669, 0.047337748344370864, 0.05091390728476821, 0.055602649006622505, 0.05973509933774834, 0.06548344370860928, 0.0695364238410596, 0.0703841059602649, 0.07605298013245033, 0.08262251655629141, 0.09070198675496688, 0.09894039735099339, 0.10956291390728476, 0.120158940397351, 0.13372185430463573, 0.14985430463576158, 0.16786754966887416, 0.18550993377483443, 0.2020927152317881, 0.21758940397350993, 0.23531125827814567, 0.2505430463576158, 0.26423841059602654, 0.27769536423841057, 0.2910728476821192, 0.29279470198675495, 0.304476821192053, 0.317430463576159, 0.32964238410596025, 0.3415099337748344, 0.3536953642384105, 0.36588079470198676, 0.3786225165562914, 0.3914437086092716, 0.4046092715231788, 0.41729801324503313, 0.43009271523178805, 0.44373509933774835, 0.4581192052980132, 0.47327152317880794, 0.48826490066225176, 0.5014834437086092, 0.518887417218543, 0.7451655629139073, 0.8857218543046358, 0.959523178807947, 0.9917615894039734, 0.9995761589403974, 0.9998940397350994, 1.0, 1.0, 1]

qda_y = [0, 0.03191836734693877, 0.033795918367346946, 0.038204081632653056, 0.043836734693877555, 0.0806530612244898, 0.13608163265306122, 0.16212244897959183, 0.17722448979591837, 0.2320816326530612, 0.23730612244897958, 0.24359183673469387, 0.25289795918367347, 0.2621224489795918, 0.27387755102040817, 0.2852244897959183, 0.30040816326530606, 0.32285714285714284, 0.3497142857142857, 0.37738775510204076, 0.40506122448979587, 0.42930612244897953, 0.4531428571428571, 0.47534693877551015, 0.49681632653061225, 0.5212244897959184, 0.5399183673469388, 0.5431020408163266, 0.5671020408163264, 0.5945306122448979, 0.6171428571428572, 0.637469387755102, 0.6615510204081632, 0.6864489795918367, 0.7140408163265307, 0.741469387755102, 0.7747755102040815, 0.8019591836734694, 0.8255510204081634, 0.8440816326530612, 0.861469387755102, 0.8743673469387755, 0.8866122448979592, 0.896734693877551, 0.9067755102040816, 0.9071836734693879, 0.9160816326530611, 0.9220408163265306, 0.9274285714285714, 0.933469387755102, 0.9394285714285713, 0.945877551020408, 0.9497142857142858, 0.954204081632653, 0.9573877551020408, 0.9614693877551019, 0.9656326530612246, 0.9682448979591836, 0.9733877551020408, 0.9752653061224489, 0.9796734693877551, 0.9820408163265306, 0.9857959183673468, 0.9978775510204082, 1.0, 1.0, 1.0, 1.0, 1.0, 1.0, 1.0, 1]

knn_x = [0.00015894039735099338, 0.000423841059602649, 0.0017483443708609272, 0.004158940397350993, 0.010331125827814569, 0.020476821192052984, 0.031470198675496684, 0.03713907284768212, 0.04935099337748344, 0.06492715231788079, 0.08543046357615894, 0.11864900662251657, 0.16238410596026492, 0.1888476821192053, 0.24368211920529803, 0.302251655629139, 0.3686092715231788, 0.43780132450331133, 0.5368211920529802, 1.0]

knn_y = [0.045387755102040815, 0.059836734693877555, 0.10171428571428572, 0.15314285714285716, 0.2259591836734694, 0.31387755102040815, 0.40546938775510205, 0.4426938775510204, 0.49918367346938775, 0.5496326530612246, 0.6084081632653062, 0.6723265306122449, 0.7474285714285714, 0.7858775510204082, 0.8521632653061223, 0.8997551020408163, 0.9394285714285715, 0.9662857142857142, 0.9850612244897959, 1.0]

nn_fpr = [0.0, 0.0, 0.0, 0.0, 0.001314060446780552, 0.001314060446780552, 0.0019710906701708277, 0.0019710906701708277, 0.002628120893561104, 0.002628120893561104, 0.0032851511169513796, 0.0032851511169
513796, 0.003942181340341655, 0.003942181340341655, 0.0045992115637319315, 0.0045992115637319315, 0.005256241787122208, 0.005256241787122208, 0.006570302233902759, 0.006570302233902759, 0.00788
436268068331, 0.00788436268068331, 0.008541392904073587, 0.008541392904073587, 0.009198423127463863, 0.009198423127463863, 0.010512483574244415, 0.010512483574244415, 0.011169513797634692, 0.01
1169513797634692, 0.011826544021024968, 0.011826544021024968, 0.012483574244415242, 0.012483574244415242, 0.013140604467805518, 0.013140604467805518, 0.013797634691195795, 0.013797634691195795,
 0.01445466491458607, 0.01445466491458607, 0.015111695137976347, 0.015111695137976347, 0.01576872536136662, 0.01576872536136662, 0.017082785808147174, 0.017082785808147174, 0.017739816031537452
, 0.017739816031537452, 0.018396846254927726, 0.018396846254927726, 0.01971090670170828, 0.01971090670170828, 0.020367936925098553, 0.020367936925098553, 0.02102496714848883, 0.0210249671484888
3, 0.021681997371879105, 0.021681997371879105, 0.022996057818659658, 0.022996057818659658, 0.024967148488830485, 0.024967148488830485, 0.026281208935611037, 0.026281208935611037, 0.026938239159
001315, 0.026938239159001315, 0.02890932982917214, 0.02890932982917214, 0.02956636005256242, 0.02956636005256242, 0.03088042049934297, 0.03088042049934297, 0.0328515111695138, 0.032851511169513
8, 0.03350854139290407, 0.03350854139290407, 0.03416557161629435, 0.03416557161629435, 0.03482260183968462, 0.03482260183968462, 0.03613666228646518, 0.03613666228646518, 0.03679369250985545, 0
.03679369250985545, 0.03876478318002628, 0.03876478318002628, 0.03942181340341656, 0.03942181340341656, 0.04139290407358739, 0.04139290407358739, 0.04204993429697766, 0.04204993429697766, 0.043
36399474375821, 0.04336399474375821, 0.04467805519053877, 0.04467805519053877, 0.045992115637319315, 0.045992115637319315, 0.04664914586070959, 0.04664914586070959, 0.047963206307490146, 0.0479
63206307490146, 0.04993429697766097, 0.04993429697766097, 0.051248357424441525, 0.051248357424441525, 0.053219448094612355, 0.053219448094612355, 0.054533508541392904, 0.054533508541392904, 0.0
5519053876478318, 0.05519053876478318, 0.05584756898817345, 0.05584756898817345, 0.056504599211563734, 0.056504599211563734, 0.05781865965834428, 0.05781865965834428, 0.05913272010512484, 0.059
13272010512484, 0.059789750328515114, 0.059789750328515114, 0.06044678055190539, 0.06044678055190539, 0.06241787122207622, 0.06241787122207622, 0.0657030223390276, 0.0657030223390276, 0.0676741
1300919843, 0.06767411300919843, 0.0683311432325887, 0.0683311432325887, 0.06964520367936924, 0.06964520367936924, 0.07030223390275953, 0.07030223390275953, 0.07095926412614981, 0.0709592641261
4981, 0.07227332457293036, 0.07227332457293036, 0.07424441524310119, 0.07424441524310119, 0.07621550591327202, 0.07621550591327202, 0.07687253613666228, 0.07687253613666228, 0.07752956636005257
, 0.07752956636005257, 0.07884362680683311, 0.07884362680683311, 0.0795006570302234, 0.0795006570302234, 0.08147174770039421, 0.08147174770039421, 0.0821287779237845, 0.0821287779237845, 0.0840
9986859395532, 0.08409986859395532, 0.08607095926412615, 0.08607095926412615, 0.08935611038107753, 0.08935611038107753, 0.0900131406044678, 0.0900131406044678, 0.09198423127463863, 0.0919842312
7463863, 0.09395532194480946, 0.09395532194480946, 0.10315374507227333, 0.10315374507227333, 0.10643889618922471, 0.10643889618922471, 0.10775295663600526, 0.10775295663600526, 0.10840998685939
553, 0.10840998685939553, 0.10972404730617609, 0.10972404730617609, 0.11038107752956636, 0.11038107752956636, 0.11103810775295664, 0.11103810775295664, 0.11432325886990802, 0.11432325886990802,
 0.11563731931668857, 0.11563731931668857, 0.11957950065703023, 0.11957950065703023, 0.12352168199737187, 0.12352168199737187, 0.12614980289093297, 0.12614980289093297, 0.13469119579500657, 0.1
3469119579500657, 0.1366622864651774, 0.1366622864651774, 0.13797634691195795, 0.13797634691195795, 0.13863337713534823, 0.13863337713534823, 0.14126149802890933, 0.14126149802890933, 0.1425755
584756899, 0.1425755584756899, 0.14388961892247043, 0.14388961892247043, 0.1445466491458607, 0.1445466491458607, 0.1478318002628121, 0.1478318002628121, 0.1504599211563732, 0.1504599211563732, 
0.15243101182654403, 0.15243101182654403, 0.1530880420499343, 0.1530880420499343, 0.1557161629434954, 0.1557161629434954, 0.16228646517739817, 0.16228646517739817, 0.1636005256241787, 0.1636005
256241787, 0.16688567674113008, 0.16688567674113008, 0.16885676741130093, 0.16885676741130093, 0.17082785808147175, 0.17082785808147175, 0.17345597897503284, 0.17345597897503284, 0.174113009198
42312, 0.17411300919842312, 0.17608409986859397, 0.17608409986859397, 0.17805519053876478, 0.17805519053876478, 0.18068331143232588, 0.18068331143232588, 0.18396846254927726, 0.1839684625492772
6, 0.1911957950065703, 0.1911957950065703, 0.19513797634691196, 0.19513797634691196, 0.19579500657030224, 0.19579500657030224, 0.1964520367936925, 0.19710906701708278, 0.19842312746386334, 0.19
842312746386334, 0.19908015768725362, 0.19908015768725362, 0.20039421813403416, 0.20039421813403416, 0.202365308804205, 0.202365308804205, 0.20302233902759526, 0.20302233902759526, 0.2043363994
7437582, 0.20433639947437582, 0.20565045992115638, 0.20565045992115638, 0.20630749014454666, 0.20630749014454666, 0.2076215505913272, 0.2076215505913272, 0.20959264126149804, 0.2095926412614980
4, 0.21156373193166886, 0.21156373193166886, 0.21287779237844942, 0.21287779237844942, 0.21353482260183967, 0.21353482260183967, 0.21550591327201052, 0.21550591327201052, 0.2161629434954008, 0.
2161629434954008, 0.2187910643889619, 0.2187910643889619, 0.221419185282523, 0.221419185282523, 0.22207621550591328, 0.22207621550591328, 0.24244415243101183, 0.24244415243101183, 0.25164257555
84757, 0.2516425755584757, 0.25492772667542707, 0.25492772667542707, 0.2568988173455979, 0.2568988173455979, 0.26018396846254926, 0.26018396846254926, 0.26346911957950064, 0.26346911957950064, 
0.26741130091984233, 0.26741130091984233, 0.2720105124835742, 0.2720105124835742, 0.2792378449408673, 0.2792378449408673, 0.28383705650459923, 0.28383705650459923, 0.28777923784494086, 0.287779
23784494086, 0.2890932982917214, 0.2890932982917214, 0.2923784494086728, 0.2923784494086728, 0.2943495400788436, 0.2943495400788436, 0.29500657030223393, 0.29500657030223393, 0.3035479632063075
, 0.3035479632063075, 0.30749014454664914, 0.30749014454664914, 0.3107752956636005, 0.3107752956636005, 0.31340341655716164, 0.31340341655716164, 0.3173455978975033, 0.3173455978975033, 0.32063
074901445465, 0.32063074901445465, 0.328515111695138, 0.328515111695138, 0.3291721419185282, 0.3291721419185282, 0.34296977660972405, 0.34296977660972405, 0.34625492772667543, 0.346254927726675
43, 0.3620236530880421, 0.3620236530880421, 0.36268068331143233, 0.36268068331143233, 0.36727989487516427, 0.36727989487516427, 0.3731931668856767, 0.3731931668856767, 0.3751642575558476, 0.375
1642575558476, 0.38501971090670173, 0.38501971090670173, 0.385676741130092, 0.385676741130092, 0.39487516425755587, 0.39487516425755587, 0.39816031537450725, 0.39816031537450725, 0.404730617608
41, 0.40473061760841, 0.40867279894875164, 0.40867279894875164, 0.4152431011826544, 0.4152431011826544, 0.41655716162943496, 0.41655716162943496, 0.4172141918528252, 0.4172141918528252, 0.41787
12220762155, 0.4178712220762155, 0.4185282522996058, 0.4185282522996058, 0.42378449408672797, 0.42378449408672797, 0.43035479632063073, 0.43035479632063073, 0.4316688567674113, 0.43166885676741
13, 0.442838370565046, 0.442838370565046, 0.44349540078843624, 0.44349540078843624, 0.48423127463863336, 0.48423127463863336, 0.4940867279894875, 0.4940867279894875, 0.561760840998686, 0.561760
840998686, 0.5716162943495401, 0.5716162943495401, 0.5992115637319316, 0.5992115637319316, 0.6011826544021025, 0.6011826544021025, 0.6254927726675427, 0.6254927726675427, 0.6865965834428384, 0.
6865965834428384, 0.8272010512483574, 0.8272010512483574, 0.9362680683311432, 0.9375821287779238, 1.0]


nn_tpr = [0.0, 0.0020920502092050207, 0.006276150627615063, 0.17154811715481172, 0.17154811715481172, 0.20711297071129708, 0.20711297071129708, 0.2217573221757322, 0.2217573221757322, 0.2405857740585774
, 0.2405857740585774, 0.25523012552301255, 0.25523012552301255, 0.26569037656903766, 0.26569037656903766, 0.27615062761506276, 0.27615062761506276, 0.3054393305439331, 0.3054393305439331, 0.336
8200836820084, 0.3368200836820084, 0.3410041841004184, 0.3410041841004184, 0.34309623430962344, 0.34309623430962344, 0.34518828451882844, 0.34518828451882844, 0.36610878661087864, 0.36610878661
087864, 0.3682008368200837, 0.3682008368200837, 0.3702928870292887, 0.3702928870292887, 0.3723849372384937, 0.3723849372384937, 0.3786610878661088, 0.3786610878661088, 0.3807531380753138, 0.380
7531380753138, 0.38284518828451886, 0.38284518828451886, 0.38702928870292885, 0.38702928870292885, 0.39330543933054396, 0.39330543933054396, 0.39539748953974896, 0.39539748953974896, 0.40585774
058577406, 0.40585774058577406, 0.4100418410041841, 0.4100418410041841, 0.4351464435146444, 0.4351464435146444, 0.4393305439330544, 0.4393305439330544, 0.4456066945606695, 0.4456066945606695, 0
.45188284518828453, 0.45188284518828453, 0.4560669456066946, 0.4560669456066946, 0.4581589958158996, 0.4581589958158996, 0.4769874476987448, 0.4769874476987448, 0.48326359832635984, 0.483263598
32635984, 0.48535564853556484, 0.48535564853556484, 0.4874476987447699, 0.4874476987447699, 0.4895397489539749, 0.4895397489539749, 0.4916317991631799, 0.4916317991631799, 0.49581589958158995, 
0.49581589958158995, 0.497907949790795, 0.497907949790795, 0.502092050209205, 0.502092050209205, 0.5125523012552301, 0.5125523012552301, 0.5188284518828452, 0.5188284518828452, 0.52092050209205
02, 0.5209205020920502, 0.5230125523012552, 0.5230125523012552, 0.5397489539748954, 0.5397489539748954, 0.5439330543933054, 0.5439330543933054, 0.5460251046025104, 0.5460251046025104, 0.5502092
050209205, 0.5502092050209205, 0.5627615062761506, 0.5627615062761506, 0.5669456066945606, 0.5669456066945606, 0.5753138075313807, 0.5753138075313807, 0.5815899581589958, 0.5815899581589958, 0.
5857740585774058, 0.5857740585774058, 0.5878661087866108, 0.5878661087866108, 0.5941422594142259, 0.5941422594142259, 0.5962343096234309, 0.5962343096234309, 0.5983263598326359, 0.5983263598326
359, 0.600418410041841, 0.600418410041841, 0.606694560669456, 0.606694560669456, 0.608786610878661, 0.608786610878661, 0.6108786610878661, 0.6108786610878661, 0.6129707112970711, 0.612970711297
0711, 0.6150627615062761, 0.6150627615062761, 0.6171548117154811, 0.6171548117154811, 0.6213389121338913, 0.6213389121338913, 0.6255230125523012, 0.6255230125523012, 0.6297071129707112, 0.62970
71129707112, 0.6317991631799164, 0.6317991631799164, 0.6380753138075314, 0.6380753138075314, 0.6401673640167364, 0.6401673640167364, 0.6464435146443515, 0.6464435146443515, 0.6485355648535565, 
0.6485355648535565, 0.6527196652719666, 0.6527196652719666, 0.6548117154811716, 0.6548117154811716, 0.6569037656903766, 0.6569037656903766, 0.6589958158995816, 0.6589958158995816, 0.66317991631
79917, 0.6631799163179917, 0.6652719665271967, 0.6652719665271967, 0.6673640167364017, 0.6673640167364017, 0.6715481171548117, 0.6715481171548117, 0.6736401673640168, 0.6736401673640168, 0.6757
322175732218, 0.6757322175732218, 0.6841004184100419, 0.6841004184100419, 0.6861924686192469, 0.6861924686192469, 0.6903765690376569, 0.6903765690376569, 0.6924686192468619, 0.6924686192468619,
 0.694560669456067, 0.694560669456067, 0.698744769874477, 0.698744769874477, 0.700836820083682, 0.700836820083682, 0.702928870292887, 0.702928870292887, 0.7112970711297071, 0.7112970711297071, 
0.7133891213389121, 0.7133891213389121, 0.7175732217573222, 0.7175732217573222, 0.7196652719665272, 0.7196652719665272, 0.7217573221757322, 0.7217573221757322, 0.7238493723849372, 0.72384937238
49372, 0.7259414225941423, 0.7259414225941423, 0.7301255230125523, 0.7301255230125523, 0.7384937238493724, 0.7384937238493724, 0.7405857740585774, 0.7405857740585774, 0.7426778242677824, 0.7426
778242677824, 0.7447698744769874, 0.7447698744769874, 0.7468619246861925, 0.7468619246861925, 0.7489539748953975, 0.7489539748953975, 0.7510460251046025, 0.7510460251046025, 0.7531380753138075,
 0.7531380753138075, 0.7573221757322176, 0.7573221757322176, 0.7594142259414226, 0.7594142259414226, 0.7635983263598326, 0.7635983263598326, 0.7677824267782427, 0.7677824267782427, 0.7698744769
874477, 0.7698744769874477, 0.7719665271966527, 0.7719665271966527, 0.7740585774058577, 0.7740585774058577, 0.7782426778242678, 0.7782426778242678, 0.7824267782426778, 0.7824267782426778, 0.784
5188284518828, 0.7845188284518828, 0.7907949790794979, 0.7907949790794979, 0.799163179916318, 0.799163179916318, 0.801255230125523, 0.801255230125523, 0.803347280334728, 0.803347280334728, 0.80
5439330543933, 0.805439330543933, 0.8075313807531381, 0.8075313807531381, 0.8117154811715481, 0.8117154811715481, 0.8138075313807531, 0.8138075313807531, 0.8158995815899581, 0.8158995815899581,
 0.8179916317991632, 0.8179916317991632, 0.8242677824267782, 0.8242677824267782, 0.8263598326359832, 0.8263598326359832, 0.8284518828451883, 0.8284518828451883, 0.8305439330543933, 0.8305439330
543933, 0.8326359832635983, 0.8326359832635983, 0.8347280334728033, 0.8347280334728033, 0.8368200836820083, 0.8368200836820083, 0.8410041841004184, 0.8410041841004184, 0.8430962343096234, 0.843
0962343096234, 0.8451882845188284, 0.8451882845188284, 0.8472803347280334, 0.8472803347280334, 0.8493723849372385, 0.8493723849372385, 0.8535564853556485, 0.8535564853556485, 0.8556485355648535
, 0.8556485355648535, 0.8577405857740585, 0.8577405857740585, 0.8598326359832636, 0.8598326359832636, 0.8619246861924686, 0.8619246861924686, 0.8661087866108786, 0.8661087866108786, 0.868200836
8200836, 0.8682008368200836, 0.8744769874476988, 0.8744769874476988, 0.8765690376569037, 0.8765690376569037, 0.8786610878661087, 0.8786610878661087, 0.8807531380753139, 0.8807531380753139, 0.88
28451882845189, 0.8828451882845189, 0.8849372384937239, 0.8849372384937239, 0.8891213389121339, 0.8891213389121339, 0.891213389121339, 0.891213389121339, 0.893305439330544, 0.893305439330544, 0
.895397489539749, 0.895397489539749, 0.897489539748954, 0.897489539748954, 0.899581589958159, 0.899581589958159, 0.9037656903765691, 0.9037656903765691, 0.9058577405857741, 0.9058577405857741, 
0.9079497907949791, 0.9079497907949791, 0.9121338912133892, 0.9121338912133892, 0.9142259414225942, 0.9142259414225942, 0.9205020920502092, 0.9205020920502092, 0.9225941422594143, 0.92259414225
94143, 0.9246861924686193, 0.9246861924686193, 0.9288702928870293, 0.9288702928870293, 0.9309623430962343, 0.9309623430962343, 0.9330543933054394, 0.9330543933054394, 0.9351464435146444, 0.9351
464435146444, 0.9372384937238494, 0.9372384937238494, 0.9414225941422594, 0.9414225941422594, 0.9456066945606695, 0.9456066945606695, 0.9476987447698745, 0.9476987447698745, 0.9497907949790795,
 0.9497907949790795, 0.9518828451882845, 0.9518828451882845, 0.9539748953974896, 0.9539748953974896, 0.9560669456066946, 0.9560669456066946, 0.9581589958158996, 0.9581589958158996, 0.9602510460
251046, 0.9602510460251046, 0.9623430962343096, 0.9623430962343096, 0.9644351464435147, 0.9644351464435147, 0.9665271966527197, 0.9665271966527197, 0.9686192468619247, 0.9686192468619247, 0.9707112970711297, 0.9707112970711297, 0.9728033472803347, 0.9728033472803347, 0.9748953974895398, 0.9748953974895398, 0.9769874476987448, 0.9769874476987448, 0.9811715481171548, 0.9811715481171548, 0.9832635983263598, 0.9832635983263598, 0.9853556485355649, 0.9853556485355649, 0.9874476987447699, 0.9874476987447699, 0.9895397489539749, 0.9895397489539749, 0.9916317991631799, 0.9916317991631799, 0.9937238493723849, 0.9937238493723849, 0.99581589958159, 0.99581589958159, 0.997907949790795, 0.997907949790795, 1.0, 1.0, 1.0, 1.0]

nn_thresh = [inf, 0.9999125003814697, 0.9999096393585205, 0.9265602827072144, 0.9209631681442261, 0.8890896439552307, 0.8870366215705872, 0.8647133708000183, 0.8628754615783691, 0.8510317206382751, 0.8498730063438416, 0.8384447693824768, 0.835127055644989, 0.8299857378005981, 0.8298587203025818, 0.8195695281028748, 0.8190407752990723, 0.8054786324501038, 0.8037601709365845, 0.7816954255104065, 0.7775116562843323, 0.775608241558075, 0.773806095123291, 0.7735300660133362, 0.7726577520370483, 0.7722545862197876, 0.7703527212142944, 0.7603039145469666, 0.759774923324585, 0.7594649791717529, 0.757844090461731, 0.7556240558624268, 0.7549682259559631, 0.7544996738433838, 0.7544869780540466, 0.7503089904785156, 0.7471753358840942, 0.7450286746025085, 0.7446746230125427, 0.7445027828216553, 0.744037926197052, 0.7392697334289551, 0.7374975085258484, 0.735054612159729, 0.7326259613037109, 0.7325825095176697, 0.7325769066810608, 0.7224776744842529, 0.721675455570221, 0.7197272777557373, 0.7149389386177063, 0.7033886909484863, 0.7029333114624023, 0.6996766328811646, 0.6978945136070251, 0.6955251097679138, 0.6949799060821533, 0.6919161081314087, 0.6828457713127136, 0.6801783442497253, 0.6774054765701294, 0.6764171123504639, 0.6733607053756714, 0.6601365208625793, 0.6596460342407227, 0.6556202173233032, 0.6522727012634277, 0.6514349579811096, 0.6501619815826416, 0.6500601768493652, 0.6482563018798828, 0.6467579007148743, 0.639069139957428, 0.638581395149231, 0.6382384300231934, 0.6353262066841125, 0.6335933804512024, 0.6334652900695801, 0.6316447257995605, 0.626789927482605, 0.6223732233047485, 0.6154325008392334, 0.614410400390625, 0.6094958186149597, 0.6061786413192749, 0.6048182249069214, 0.6040422916412354, 0.6034770607948303, 0.5996602177619934, 0.592515766620636, 0.5914631485939026, 0.5866421461105347, 0.5861073732376099, 0.5852220058441162, 0.5808771848678589, 0.5802853107452393, 0.5763140320777893, 0.5696159601211548, 0.5685376524925232, 0.5663660764694214, 0.5616286993026733, 0.5564336776733398, 0.5533369183540344, 0.5522015690803528, 0.5481469631195068, 0.546859622001648, 0.5420137047767639, 0.5414209365844727, 0.5393328070640564, 0.5347827076911926, 0.531909167766571, 0.530828058719635, 0.5304109454154968, 0.528398871421814, 0.5283665060997009, 0.5283467769622803, 0.5261895060539246, 0.5221781134605408, 0.5207323431968689, 0.5187795758247375, 0.5137990713119507, 0.51212477684021, 0.5091117024421692, 0.5081918239593506, 0.5015937089920044, 0.49984967708587646, 0.49372076988220215, 0.4936845004558563, 0.492586612701416, 0.4908475875854492, 0.4902501702308655, 0.4888717532157898, 0.4866355061531067, 0.4852346181869507, 0.4844411313533783, 0.4843409061431885, 0.48420020937919617, 0.47828102111816406, 0.4773825407028198, 0.47647058963775635, 0.47423145174980164, 0.46997347474098206, 0.4639723002910614, 0.46243613958358765, 0.4600185751914978, 0.4595944583415985, 0.45790815353393555, 0.4565683603286743, 0.4554184675216675, 0.4547329545021057, 0.45418646931648254, 0.4533589780330658, 0.45034703612327576, 0.442826509475708, 0.44003498554229736, 0.4389232397079468, 0.4361725449562073, 0.43567705154418945, 0.43379858136177063, 0.43346279859542847, 0.42504024505615234, 0.4245188534259796, 0.42195868492126465, 0.421107679605484, 0.41794463992118835, 0.4121108055114746, 0.4094648063182831, 0.4083884060382843, 0.38368016481399536, 0.3810136616230011, 0.375961035490036, 0.3745029866695404, 0.37344634532928467, 0.37310343980789185, 0.37214866280555725, 0.3710569739341736, 0.36931008100509644, 0.36800915002822876, 0.3679107427597046, 0.3640345335006714, 0.36331409215927124, 0.3616326153278351, 0.3576894998550415, 0.3568212687969208, 0.35648444294929504, 0.35392820835113525, 0.3483884334564209, 0.3461514711380005, 0.3430362343788147, 0.3425509035587311, 0.34040313959121704, 0.3371025323867798, 0.32919734716415405, 0.3284858167171478, 0.3274356722831726, 0.32591208815574646, 0.3250781297683716, 0.32145822048187256, 0.3213549852371216, 0.3211829662322998, 0.31970489025115967, 0.31916168332099915, 0.3191254734992981, 0.3175188899040222, 0.3171386420726776, 0.3170212209224701, 0.31651851534843445, 0.31391942501068115, 0.3115140199661255, 0.310554563999176, 0.30726370215415955, 0.30472320318222046, 0.3013215661048889, 0.2990053594112396, 0.29893726110458374, 0.29864877462387085, 0.29811957478523254, 0.2965937852859497, 0.292268306016922, 0.29161927103996277, 0.29059991240501404, 0.290598601102829, 0.28549444675445557, 0.28547003865242004, 0.28394103050231934, 0.2824551463127136, 0.2800222933292389, 0.27999529242515564, 0.2780851125717163, 0.27729669213294983, 0.27704179286956787, 0.2767389118671417, 0.2732803523540497, 0.2718447744846344, 0.2704004645347595, 0.2646864354610443, 0.26432591676712036, 0.2628174126148224, 0.2596222162246704, 0.2588019371032715, 0.2538525462150574, 0.25248977541923523, 0.2506202757358551, 0.2503761351108551, 0.249679297208786, 0.24717240035533905, 0.2458600103855133, 0.24495312571525574, 0.24430249631404877, 0.24372242391109467, 0.24347184598445892, 0.24319106340408325, 0.2429818958044052, 0.24144881963729858, 0.24104253947734833, 0.24048134684562683, 0.24046337604522705, 0.24018453061580658, 0.23950497806072235, 0.23928529024124146, 0.23897196352481842, 0.23553158342838287, 0.23539423942565918, 0.2350575476884842, 0.2349567711353302, 0.23466141521930695, 0.23378776013851166, 0.2332589030265808, 0.2305179238319397, 0.2302522212266922, 0.22928255796432495, 0.22920075058937073, 0.22893238067626953, 0.22816580533981323, 0.2246386706829071, 0.22442936897277832, 0.2242753654718399, 0.22381314635276794, 0.22298702597618103, 0.222768172621727, 0.22070758044719696, 0.2206997275352478, 0.22022871673107147, 0.22015203535556793, 0.20353533327579498, 0.20313362777233124, 0.19374504685401917, 0.19348829984664917, 0.19259782135486603, 0.1916400045156479, 0.19077453017234802, 0.19010323286056519, 0.18598932027816772, 0.1853904128074646, 0.18348312377929688, 0.1828218400478363, 0.18033194541931152, 0.17931216955184937, 0.1768321394920349, 0.17640651762485504, 0.171674445271492, 0.17132465541362762, 0.169089674949646, 0.1678743064403534, 0.1651141345500946, 0.16500046849250793, 0.16490501165390015, 0.16373483836650848, 0.16199679672718048, 0.16182897984981537, 0.16091866791248322, 0.160841703414917, 0.16083592176437378, 0.16073065996170044, 0.15045876801013947, 0.1497277468442917, 0.14771708846092224, 0.1465071439743042, 0.14484484493732452, 0.14471250772476196, 0.14225415885448456, 0.14032778143882751, 0.1373746395111084, 0.13660649955272675, 0.13420914113521576, 0.13184982538223267, 0.12817826867103577, 0.12791360914707184, 0.12765930593013763, 0.12745410203933716, 0.11946289241313934, 0.11893579363822937, 0.11636423319578171, 0.1160450130701065, 0.10670852661132812, 0.10575947165489197, 0.10552309453487396, 0.10485687851905823, 0.10364925861358643, 0.10358351469039917, 0.09899228066205978, 0.09862225502729416, 0.09726578742265701, 0.09606413543224335, 0.09211389720439911, 0.09199569374322891, 0.09187449514865875, 0.09164279699325562, 0.08624980598688126, 0.08610555529594421, 0.08462264388799667, 0.0844649076461792, 0.08193212002515793, 0.08158266544342041, 0.07963386178016663, 0.0794929638504982, 0.0759885385632515, 0.07549431920051575, 0.07473313808441162, 0.07457563281059265, 0.07416664063930511, 0.07412846386432648, 0.07410652190446854, 0.07297070324420929, 0.07276987284421921, 0.0724521353840828, 0.07002153247594833, 0.06916598975658417, 0.0673597902059555, 0.06713268905878067, 0.0668989047408104, 0.06675893813371658, 0.061205048114061356, 0.06054968759417534, 0.06044713780283928, 0.05983469635248184, 0.04629385843873024, 0.04626249894499779, 0.04400773346424103, 0.04398055002093315, 0.02982506714761257, 0.02978738211095333, 0.028311213478446007, 0.028273139148950577, 0.025204990059137344, 0.025175273418426514, 0.025100043043494225, 0.02505682408809662, 0.02267906442284584, 0.02262182906270027, 0.016885006800293922, 0.01671520248055458, 0.008061278611421585, 0.008009856566786766, 0.0034867809154093266, 0.003486073575913906, 0.0005142480949871242]

log_reg_fpr:[0.0, 0.0, 0.0, 0.0006622516556291391, 0.0006622516556291391, 0.0013245033112582781, 0.0013245033112582781, 0.001986754966887417, 0.001986754966887417, 0.0026490066225165563, 0.0026490066225165563, 0.0033112582781456954, 0.0033112582781456954, 0.003973509933774834, 0.003973509933774834, 0.004635761589403974, 0.004635761589403974, 0.006622516556291391, 0.006622516556291391, 0.00728476821192053, 0.00728476821192053, 0.007947019867549669, 0.007947019867549669, 0.008609271523178808, 0.008609271523178808, 0.009271523178807948, 0.009271523178807948, 0.009933774834437087, 0.009933774834437087, 0.010596026490066225, 0.010596026490066225, 0.011258278145695364, 0.011258278145695364, 0.011920529801324504, 0.011920529801324504, 0.012582781456953643, 0.012582781456953643, 0.013245033112582781, 0.013245033112582781, 0.01390728476821192, 0.01390728476821192, 0.01456953642384106, 0.01456953642384106, 0.015231788079470199, 0.015231788079470199, 0.015894039735099338, 0.015894039735099338, 0.016556291390728478, 0.016556291390728478, 0.017218543046357615, 0.017218543046357615, 0.018543046357615896, 0.018543046357615896, 0.019205298013245033, 0.019205298013245033, 0.019867549668874173, 0.019867549668874173, 0.02119205298013245, 0.02119205298013245, 0.022516556291390728, 0.022516556291390728, 0.023178807947019868, 0.023178807947019868, 0.02384105960264901, 0.02384105960264901, 0.024503311258278145, 0.024503311258278145, 0.025827814569536423, 0.025827814569536423, 0.027152317880794703, 0.027152317880794703, 0.02847682119205298, 0.02847682119205298, 0.031125827814569535, 0.031125827814569535, 0.031788079470198675, 0.031788079470198675, 0.03245033112582781, 0.03245033112582781, 0.033112582781456956, 0.033112582781456956, 0.03377483443708609, 0.03377483443708609, 0.03443708609271523, 0.03443708609271523, 0.035099337748344374, 0.035099337748344374, 0.03642384105960265, 0.03642384105960265, 0.03708609271523179, 0.03708609271523179, 0.0390728476821192, 0.0390728476821192, 0.039735099337748346, 0.039735099337748346, 0.04039735099337748, 0.04039735099337748, 0.04105960264900662, 0.04105960264900662, 0.041721854304635764, 0.041721854304635764, 0.04370860927152318, 0.04370860927152318, 0.04437086092715232, 0.04437086092715232, 0.045033112582781455, 0.045033112582781455, 0.0456953642384106, 0.0456953642384106, 0.046357615894039736, 0.046357615894039736, 0.04701986754966887, 0.04701986754966887, 0.05033112582781457, 0.05033112582781457, 0.052980132450331126, 0.052980132450331126, 0.05364238410596026, 0.05364238410596026, 0.05562913907284768, 0.05562913907284768, 0.056291390728476824, 0.056291390728476824, 0.05695364238410596, 0.05695364238410596, 0.0576158940397351, 0.0576158940397351, 0.059602649006622516, 0.059602649006622516, 0.06158940397350993, 0.06158940397350993, 0.06225165562913907, 0.06225165562913907, 0.06423841059602649, 0.06423841059602649, 0.06490066225165562, 0.06490066225165562, 0.06622516556291391, 0.06622516556291391, 0.06688741721854305, 0.06688741721854305, 0.0695364238410596, 0.0695364238410596, 0.07019867549668875, 0.07019867549668875, 0.07086092715231788, 0.07086092715231788, 0.07152317880794702, 0.07152317880794702, 0.07218543046357616, 0.07218543046357616, 0.0728476821192053, 0.0728476821192053, 0.07350993377483443, 0.07350993377483443, 0.07417218543046358, 0.07417218543046358, 0.076158940397351, 0.076158940397351, 0.0781456953642384, 0.0781456953642384, 0.07880794701986756, 0.07880794701986756, 0.07947019867549669, 0.07947019867549669, 0.08079470198675497, 0.08079470198675497, 0.0814569536423841, 0.0814569536423841, 0.08344370860927153, 0.08344370860927153, 0.0847682119205298, 0.0847682119205298, 0.08874172185430464, 0.08874172185430464, 0.09072847682119205, 0.09072847682119205, 0.0913907284768212, 0.0913907284768212, 0.09205298013245033, 0.09205298013245033, 0.09337748344370861, 0.09337748344370861, 0.09403973509933775, 0.09403973509933775, 0.09602649006622517, 0.09602649006622517, 0.09933774834437085, 0.09933774834437085, 0.10198675496688742, 0.10198675496688742, 0.10331125827814569, 0.10331125827814569, 0.10794701986754966, 0.10794701986754966, 0.11059602649006622, 0.11059602649006622, 0.11324503311258279, 0.11324503311258279, 0.1152317880794702, 0.1152317880794702, 0.11589403973509933, 0.11589403973509933, 0.11721854304635762, 0.11721854304635762, 0.12251655629139073, 0.12251655629139073, 0.123841059602649, 0.123841059602649, 0.1251655629139073, 0.1251655629139073, 0.12781456953642384, 0.12781456953642384, 0.1291390728476821, 0.1291390728476821, 0.13112582781456952, 0.13112582781456952, 0.13311258278145696, 0.13311258278145696, 0.1337748344370861, 0.1337748344370861, 0.13443708609271524, 0.13443708609271524, 0.13509933774834437, 0.13509933774834437, 0.13774834437086092, 0.13774834437086092, 0.13973509933774833, 0.13973509933774833, 0.1403973509933775, 0.1403973509933775, 0.14105960264900663, 0.14105960264900663, 0.14304635761589404, 0.14304635761589404, 0.14635761589403973, 0.14635761589403973, 0.14701986754966886, 0.14701986754966886, 0.1509933774834437, 0.1509933774834437, 0.15496688741721854, 0.15496688741721854, 0.15562913907284767, 0.15562913907284767, 0.15695364238410597, 0.15695364238410597, 0.15894039735099338, 0.15894039735099338, 0.16225165562913907, 0.16225165562913907, 0.16556291390728478, 0.16556291390728478, 0.16688741721854305, 0.16688741721854305, 0.16821192052980133, 0.16821192052980133, 0.17019867549668874, 0.17019867549668874, 0.17086092715231788, 0.17086092715231788, 0.171523178807947, 0.171523178807947, 0.1728476821192053, 0.1728476821192053, 0.17350993377483442, 0.17350993377483442, 0.1741721854304636, 0.1741721854304636, 0.176158940397351, 0.176158940397351, 0.18079470198675496, 0.18079470198675496, 0.1814569536423841, 0.1814569536423841, 0.18410596026490067, 0.18410596026490067, 0.1847682119205298, 0.1847682119205298, 0.18675496688741722, 0.18675496688741722, 0.1880794701986755, 0.1880794701986755, 0.1966887417218543, 0.1966887417218543, 0.19933774834437087, 0.19933774834437087, 0.20066225165562915, 0.20066225165562915, 0.20463576158940397, 0.20463576158940397, 0.20860927152317882, 0.20860927152317882, 0.2099337748344371, 0.2099337748344371, 0.21059602649006623, 0.21059602649006623, 0.21125827814569537, 0.21125827814569537, 0.21986754966887417, 0.21986754966887417, 0.22185430463576158, 0.22185430463576158, 0.223841059602649, 0.223841059602649, 0.2251655629139073, 0.2251655629139073, 0.23311258278145697, 0.23311258278145697, 0.23443708609271524, 0.23443708609271524, 0.23642384105960265, 0.23642384105960265, 0.2390728476821192, 0.2390728476821192, 0.23973509933774834, 0.23973509933774834, 0.24039735099337747, 0.24039735099337747, 0.24172185430463577, 0.24172185430463577, 0.24370860927152319, 0.24370860927152319, 0.24503311258278146, 0.24503311258278146, 0.25165562913907286, 0.25165562913907286, 0.25231788079470197, 0.25231788079470197, 0.25364238410596024, 0.25364238410596024, 0.2543046357615894, 0.2543046357615894, 0.2582781456953642, 0.2582781456953642, 0.26490066225165565, 0.26490066225165565, 0.2662251655629139, 0.2662251655629139, 0.27019867549668874, 0.27019867549668874, 0.2721854304635762, 0.2721854304635762, 0.27549668874172184, 0.27549668874172184, 0.27880794701986755, 0.27880794701986755, 0.2827814569536424, 0.2827814569536424, 0.2847682119205298, 0.2847682119205298, 0.2900662251655629, 0.2900662251655629, 0.2947019867549669, 0.2947019867549669, 0.30596026490066225, 0.30596026490066225, 0.3072847682119205, 0.3072847682119205, 0.3132450331125828, 0.3132450331125828, 0.3165562913907285, 0.3165562913907285, 0.31788079470198677, 0.31788079470198677, 0.3258278145695364, 0.3258278145695364, 0.32847682119205296, 0.32847682119205296, 0.33708609271523177, 0.33708609271523177, 0.33973509933774837, 0.33973509933774837, 0.34105960264900664, 0.34105960264900664, 0.3443708609271523, 0.3443708609271523, 0.34966887417218545, 0.34966887417218545, 0.35033112582781456, 0.35033112582781456, 0.3509933774834437, 0.3509933774834437, 0.35496688741721855, 0.35496688741721855, 0.35960264900662253, 0.35960264900662253, 0.3622516556291391, 0.3622516556291391, 0.36887417218543045, 0.36887417218543045, 0.3695364238410596, 0.3695364238410596, 0.3827814569536424, 0.3827814569536424, 0.3880794701986755, 0.3880794701986755, 0.3887417218543046, 0.3887417218543046, 0.3894039735099338, 0.3894039735099338, 0.3933774834437086, 0.3933774834437086, 0.4066225165562914, 0.4066225165562914, 0.4119205298013245, 0.4119205298013245, 0.4205298013245033, 0.4205298013245033, 0.4456953642384106, 0.4456953642384106, 0.4649006622516556, 0.4649006622516556, 0.4900662251655629, 0.4900662251655629, 0.49271523178807947, 0.49271523178807947, 0.5046357615894039, 0.5046357615894039, 0.5125827814569537, 0.5125827814569537, 0.5225165562913907, 0.5225165562913907, 0.5384105960264901, 0.5384105960264901, 0.5437086092715232, 0.5437086092715232, 0.5827814569536424, 0.5827814569536424, 0.6377483443708609, 0.6377483443708609, 0.6437086092715232, 0.6437086092715232, 0.6490066225165563, 0.6490066225165563, 1.0]

log_reg_tpr:[0.0, 0.0020408163265306124, 0.08163265306122448, 0.08163265306122448, 0.09387755102040816, 0.09387755102040816, 0.12448979591836734, 0.12448979591836734, 0.1306122448979592, 0.1306122448979592, 0.14489795918367346, 0.14489795918367346, 0.15510204081632653, 0.15510204081632653, 0.17346938775510204, 0.17346938775510204, 0.18775510204081633, 0.18775510204081633, 0.19183673469387755, 0.19183673469387755, 0.20204081632653062, 0.20204081632653062, 0.20408163265306123, 0.20408163265306123, 0.20816326530612245, 0.20816326530612245, 0.22244897959183674, 0.22244897959183674, 0.22653061224489796, 0.22653061224489796, 0.24081632653061225, 0.24081632653061225, 0.24693877551020407, 0.24693877551020407, 0.2530612244897959, 0.2530612244897959, 0.2571428571428571, 0.2571428571428571, 0.26326530612244897, 0.26326530612244897, 0.27346938775510204, 0.27346938775510204, 0.2795918367346939, 0.2795918367346939, 0.2857142857142857, 0.2857142857142857, 0.28775510204081634, 0.28775510204081634, 0.2979591836734694, 0.2979591836734694, 0.3081632653061224, 0.3081632653061224, 0.3183673469387755, 0.3183673469387755, 0.32448979591836735, 0.32448979591836735, 0.32653061224489793, 0.32653061224489793, 0.3326530612244898, 0.3326530612244898, 0.33877551020408164, 0.33877551020408164, 0.3448979591836735, 0.3448979591836735, 0.363265306122449, 0.363265306122449, 0.3653061224489796, 0.3653061224489796, 0.373469387755102, 0.373469387755102, 0.39183673469387753, 0.39183673469387753, 0.40408163265306124, 0.40408163265306124, 0.40816326530612246, 0.40816326530612246, 0.41836734693877553, 0.41836734693877553, 0.42244897959183675, 0.42244897959183675, 0.42857142857142855, 0.42857142857142855, 0.4346938775510204, 0.4346938775510204, 0.43673469387755104, 0.43673469387755104, 0.4387755102040816, 0.4387755102040816, 0.44285714285714284, 0.44285714285714284, 0.45102040816326533, 0.45102040816326533, 0.4530612244897959, 0.4530612244897959, 0.45510204081632655, 0.45510204081632655, 0.45714285714285713, 0.45714285714285713, 0.46122448979591835, 0.46122448979591835, 0.463265306122449, 0.463265306122449, 0.46530612244897956, 0.46530612244897956, 0.4714285714285714, 0.4714285714285714, 0.47346938775510206, 0.47346938775510206, 0.47551020408163264, 0.47551020408163264, 0.4775510204081633, 0.4775510204081633, 0.47959183673469385, 0.47959183673469385, 0.4816326530612245, 0.4816326530612245, 0.4857142857142857, 0.4857142857142857, 0.4897959183673469, 0.4897959183673469, 0.49795918367346936, 0.49795918367346936, 0.5061224489795918, 0.5061224489795918, 0.5244897959183673, 0.5244897959183673, 0.5265306122448979, 0.5265306122448979, 0.5285714285714286, 0.5285714285714286, 0.5326530612244897, 0.5326530612244897, 0.536734693877551, 0.536734693877551, 0.5448979591836735, 0.5448979591836735, 0.5469387755102041, 0.5469387755102041, 0.5530612244897959, 0.5530612244897959, 0.5551020408163265, 0.5551020408163265, 0.5612244897959183, 0.5612244897959183, 0.563265306122449, 0.563265306122449, 0.5653061224489796, 0.5653061224489796, 0.5714285714285714, 0.5714285714285714, 0.573469387755102, 0.573469387755102, 0.5775510204081633, 0.5775510204081633, 0.5795918367346938, 0.5795918367346938, 0.5857142857142857, 0.5857142857142857, 0.5897959183673469, 0.5897959183673469, 0.5938775510204082, 0.5938775510204082, 0.6040816326530613, 0.6040816326530613, 0.610204081632653, 0.610204081632653, 0.6142857142857143, 0.6142857142857143, 0.6224489795918368, 0.6224489795918368, 0.6244897959183674, 0.6244897959183674, 0.6285714285714286, 0.6285714285714286, 0.6326530612244898, 0.6326530612244898, 0.6346938775510204, 0.6346938775510204, 0.6428571428571429, 0.6428571428571429, 0.6469387755102041, 0.6469387755102041, 0.6510204081632653, 0.6510204081632653, 0.6530612244897959, 0.6530612244897959, 0.6551020408163265, 0.6551020408163265, 0.6612244897959184, 0.6612244897959184, 0.6632653061224489, 0.6632653061224489, 0.6653061224489796, 0.6653061224489796, 0.6673469387755102, 0.6673469387755102, 0.6775510204081633, 0.6775510204081633, 0.6795918367346939, 0.6795918367346939, 0.6816326530612244, 0.6816326530612244, 0.6836734693877551, 0.6836734693877551, 0.6857142857142857, 0.6857142857142857, 0.6877551020408164, 0.6877551020408164, 0.689795918367347, 0.689795918367347, 0.6938775510204082, 0.6938775510204082, 0.6959183673469388, 0.6959183673469388, 0.7020408163265306, 0.7020408163265306, 0.7061224489795919, 0.7061224489795919, 0.7081632653061225, 0.7081632653061225, 0.710204081632653, 0.710204081632653, 0.7142857142857143, 0.7142857142857143, 0.7183673469387755, 0.7183673469387755, 0.7204081632653061, 0.7204081632653061, 0.7244897959183674, 0.7244897959183674, 0.7326530612244898, 0.7326530612244898, 0.7346938775510204, 0.7346938775510204, 0.7408163265306122, 0.7408163265306122, 0.7428571428571429, 0.7428571428571429, 0.746938775510204, 0.746938775510204, 0.7489795918367347, 0.7489795918367347, 0.7510204081632653, 0.7510204081632653, 0.753061224489796, 0.753061224489796, 0.7551020408163265, 0.7551020408163265, 0.7612244897959184, 0.7612244897959184, 0.7693877551020408, 0.7693877551020408, 0.7714285714285715, 0.7714285714285715, 0.7775510204081633, 0.7775510204081633, 0.7795918367346939, 0.7795918367346939, 0.7836734693877551, 0.7836734693877551, 0.7857142857142857, 0.7857142857142857, 0.789795918367347, 0.789795918367347, 0.7918367346938775, 0.7918367346938775, 0.7938775510204081, 0.7938775510204081, 0.7959183673469388, 0.7959183673469388, 0.7979591836734694, 0.7979591836734694, 0.8, 0.8, 0.8040816326530612, 0.8040816326530612, 0.8081632653061225, 0.8081632653061225, 0.810204081632653, 0.810204081632653, 0.8142857142857143, 0.8142857142857143, 0.8163265306122449, 0.8163265306122449, 0.8183673469387756, 0.8183673469387756, 0.8224489795918367, 0.8224489795918367, 0.8244897959183674, 0.8244897959183674, 0.826530612244898, 0.826530612244898, 0.8306122448979592, 0.8306122448979592, 0.8326530612244898, 0.8326530612244898, 0.8346938775510204, 0.8346938775510204, 0.8367346938775511, 0.8367346938775511, 0.8387755102040816, 0.8387755102040816, 0.8408163265306122, 0.8408163265306122, 0.8428571428571429, 0.8428571428571429, 0.8469387755102041, 0.8469387755102041, 0.8489795918367347, 0.8489795918367347, 0.8510204081632653, 0.8510204081632653, 0.8530612244897959, 0.8530612244897959, 0.8551020408163266, 0.8551020408163266, 0.8591836734693877, 0.8591836734693877, 0.863265306122449, 0.863265306122449, 0.8673469387755102, 0.8673469387755102, 0.8734693877551021, 0.8734693877551021, 0.8755102040816326, 0.8755102040816326, 0.8816326530612245, 0.8816326530612245, 0.8857142857142857, 0.8857142857142857, 0.8877551020408163, 0.8877551020408163, 0.889795918367347, 0.889795918367347, 0.8918367346938776, 0.8918367346938776, 0.8938775510204081, 0.8938775510204081, 0.8979591836734694, 0.8979591836734694, 0.9, 0.9, 0.9040816326530612, 0.9040816326530612, 0.9061224489795918, 0.9061224489795918, 0.9081632653061225, 0.9081632653061225, 0.9102040816326531, 0.9102040816326531, 0.9122448979591836, 0.9122448979591836, 0.9142857142857143, 0.9142857142857143, 0.9163265306122449, 0.9163265306122449, 0.9183673469387755, 0.9183673469387755, 0.9204081632653062, 0.9204081632653062, 0.9244897959183673, 0.9244897959183673, 0.926530612244898, 0.926530612244898, 0.9285714285714286, 0.9285714285714286, 0.9306122448979591, 0.9306122448979591, 0.9326530612244898, 0.9326530612244898, 0.9346938775510204, 0.9346938775510204, 0.936734693877551, 0.936734693877551, 0.9387755102040817, 0.9387755102040817, 0.9408163265306122, 0.9408163265306122, 0.9428571428571428, 0.9428571428571428, 0.9448979591836735, 0.9448979591836735, 0.9469387755102041, 0.9469387755102041, 0.9489795918367347, 0.9489795918367347, 0.9510204081632653, 0.9510204081632653, 0.9530612244897959, 0.9530612244897959, 0.9551020408163265, 0.9551020408163265, 0.9571428571428572, 0.9571428571428572, 0.9591836734693877, 0.9591836734693877, 0.9612244897959183, 0.9612244897959183, 0.963265306122449, 0.963265306122449, 0.9653061224489796, 0.9653061224489796, 0.9673469387755103, 0.9673469387755103, 0.9693877551020408, 0.9693877551020408, 0.9714285714285714, 0.9714285714285714, 0.9734693877551021, 0.9734693877551021, 0.9755102040816327, 0.9755102040816327, 0.9775510204081632, 0.9775510204081632, 0.9795918367346939, 0.9795918367346939, 0.9816326530612245, 0.9816326530612245, 0.9836734693877551, 0.9836734693877551, 0.9857142857142858, 0.9857142857142858, 0.9877551020408163, 0.9877551020408163, 0.9897959183673469, 0.9897959183673469, 0.9918367346938776, 0.9918367346938776, 0.9938775510204082, 0.9938775510204082, 0.9959183673469387, 0.9959183673469387, 0.9979591836734694, 0.9979591836734694, 1.0, 1.0]

r_forest_fpr:[0.0, 0.0006743088334457181, 0.0020229265003371545, 0.0020229265003371545, 0.004720161834120027, 0.004720161834120027, 0.006068779501011463, 0.006068779501011463, 0.006743088334457181, 0.006743088334457181, 0.007417397167902899, 0.007417397167902899, 0.009440323668240054, 0.009440323668240054, 0.010114632501685773, 0.010114632501685773, 0.012811867835468645, 0.012811867835468645, 0.015509103169251517, 0.015509103169251517, 0.01753202966958867, 0.01753202966958867, 0.01820633850303439, 0.01820633850303439, 0.019554956169925825, 0.019554956169925825, 0.020229265003371546, 0.020229265003371546, 0.02157788267026298, 0.02157788267026298, 0.022926500337154418, 0.022926500337154418, 0.02562373567093729, 0.02562373567093729, 0.026972353337828724, 0.026972353337828724, 0.027646662171274445, 0.027646662171274445, 0.04045853000674309, 0.04045853000674309, 0.041132838840188805, 0.041132838840188805, 0.04652730950775455, 0.04652730950775455, 0.04787592717464599, 0.04787592717464599, 0.05124747134187458, 0.05124747134187458, 0.05799055967633176, 0.05799055967633176, 0.060687795010114634, 0.060687795010114634, 0.06203641267700607, 0.06203641267700607, 0.06405933917734322, 0.06405933917734322, 0.06473364801078894, 0.06473364801078894, 0.06810519217801753, 0.06810519217801753, 0.06945380984490897, 0.06945380984490897, 0.0782198246797033, 0.0782198246797033, 0.08024275118004046, 0.08024275118004046, 0.08226567768037761, 0.08226567768037761, 0.08698583951449763, 0.08698583951449763, 0.08766014834794336, 0.08766014834794336, 0.09507754551584625, 0.09507754551584625, 0.0964261631827377, 0.0964261631827377, 0.10384356035064059, 0.10384356035064059, 0.10519217801753203, 0.10519217801753203, 0.10586648685097774, 0.10586648685097774, 0.10721510451786918, 0.10721510451786918, 0.11058664868509778, 0.11058664868509778, 0.11328388401888065, 0.11328388401888065, 0.11463250168577209, 0.11463250168577209, 0.1153068105192178, 0.1153068105192178, 0.12339851652056642, 0.12339851652056642, 0.1301416048550236, 0.1301416048550236, 0.13823331085637222, 0.13823331085637222, 0.1409305461901551, 0.1409305461901551, 0.14430209035738367, 0.14430209035738367, 0.1490222521915037, 0.1490222521915037, 0.14969656102494944, 0.14969656102494944, 0.1523937963587323, 0.1523937963587323, 0.15509103169251517, 0.15509103169251517, 0.1564396493594066, 0.1564396493594066, 0.1604855023600809, 0.1604855023600809, 0.16183412002697237, 0.16183412002697237, 0.16250842886041808, 0.16250842886041808, 0.16520566419420094, 0.16520566419420094, 0.16587997302764665, 0.16587997302764665, 0.16790289952798382, 0.16790289952798382, 0.1706001348617667, 0.1706001348617667, 0.1712744436952124, 0.1712744436952124, 0.17329737019554955, 0.17329737019554955, 0.17532029669588672, 0.17532029669588672, 0.17666891436277815, 0.17666891436277815, 0.17936614969656103, 0.17936614969656103, 0.18071476736345246, 0.18071476736345246, 0.19554956169925827, 0.19554956169925827, 0.19757248819959541, 0.19757248819959541, 0.19824679703304113, 0.19824679703304113, 0.19892110586648684, 0.19892110586648684, 0.19959541469993258, 0.19959541469993258, 0.20229265003371544, 0.20229265003371544, 0.20296695886716115, 0.20296695886716115, 0.20566419420094403, 0.20566419420094403, 0.20701281186783546, 0.20701281186783546, 0.20768712070128117, 0.20768712070128117, 0.21105866486850977, 0.21105866486850977, 0.21847606203641268, 0.21847606203641268, 0.2191503708698584, 0.2191503708698584, 0.22117329737019556, 0.22117329737019556, 0.222521915037087, 0.222521915037087, 0.22387053270397841, 0.22387053270397841, 0.22589345920431558, 0.22589345920431558, 0.2265677680377613, 0.2265677680377613, 0.22926500337154418, 0.22926500337154418, 0.2339851652056642, 0.2339851652056642, 0.23465947403910992, 0.23465947403910992, 0.23668240053944706, 0.23668240053944706, 0.24207687120701282, 0.24207687120701282, 0.24409979770734996, 0.24409979770734996, 0.24477410654079568, 0.24477410654079568, 0.2454484153742414, 0.2454484153742414, 0.24747134187457856, 0.24747134187457856, 0.25084288604180716, 0.25084288604180716, 0.2589345920431558, 0.2589345920431558, 0.2596089008766015, 0.2596089008766015, 0.26163182737693863, 0.26163182737693863, 0.26500337154416725, 0.26500337154416725, 0.2663519892110587, 0.2663519892110587, 0.26904922454484154, 0.26904922454484154, 0.2710721510451787, 0.2710721510451787, 0.2717464598786244, 0.2717464598786244, 0.2724207687120701, 0.2724207687120701, 0.2791638570465273, 0.2791638570465273, 0.2805124747134187, 0.2805124747134187, 0.28320971004720163, 0.28320971004720163, 0.2859069453809845, 0.2859069453809845, 0.29130141604855025, 0.29130141604855025, 0.29534726904922454, 0.29534726904922454, 0.2980445043830074, 0.2980445043830074, 0.29871881321645316, 0.29871881321645316, 0.2993931220498989, 0.2993931220498989, 0.3000674308833446, 0.3000674308833446, 0.30276466621712744, 0.30276466621712744, 0.3047875927174646, 0.3047875927174646, 0.30950775455158464, 0.30950775455158464, 0.31085637221847606, 0.31085637221847606, 0.3115306810519218, 0.3115306810519218, 0.31490222521915034, 0.31490222521915034, 0.3155765340525961, 0.3155765340525961, 0.31827376938637897, 0.31827376938637897, 0.32231962238705325, 0.32231962238705325, 0.3263654753877276, 0.3263654753877276, 0.33580579905596764, 0.33580579905596764, 0.3378287255563048, 0.3378287255563048, 0.3385030343897505, 0.3385030343897505, 0.3398516520566419, 0.3398516520566419, 0.3526635198921106, 0.3526635198921106, 0.35468644639244773, 0.35468644639244773, 0.3594066082265678, 0.3594066082265678, 0.3648010788941335, 0.3648010788941335, 0.3674983142279164, 0.3674983142279164, 0.36884693189480783, 0.36884693189480783, 0.3722184760620364, 0.3722184760620364, 0.3735670937289278, 0.3735670937289278, 0.3742414025623736, 0.3742414025623736, 0.37693863789615645, 0.37693863789615645, 0.3796358732299393, 0.3796358732299393, 0.38233310856372216, 0.38233310856372216, 0.38840188806473364, 0.38840188806473364, 0.38907619689817935, 0.38907619689817935, 0.38975050573162506, 0.38975050573162506, 0.39109912339851655, 0.39109912339851655, 0.39177343223196226, 0.39177343223196226, 0.392447741065408, 0.392447741065408, 0.39649359406608226, 0.39649359406608226, 0.3998651382333109, 0.3998651382333109, 0.4005394470667566, 0.4005394470667566, 0.40256237356709373, 0.40256237356709373, 0.4045853000674309, 0.4045853000674309, 0.4059339177343223, 0.4059339177343223, 0.4093054619015509, 0.4093054619015509, 0.4133513149022252, 0.4133513149022252, 0.4160485502360081, 0.4160485502360081, 0.4194200944032367, 0.4194200944032367, 0.4200944032366824, 0.4200944032366824, 0.4207687120701281, 0.4207687120701281, 0.4241402562373567, 0.4241402562373567, 0.4268374915711396, 0.4268374915711396, 0.4322319622387053, 0.4322319622387053, 0.4342548887390425, 0.4342548887390425, 0.43695212407282535, 0.43695212407282535, 0.4463924477410654, 0.4463924477410654, 0.45111260957518545, 0.45111260957518545, 0.454484153742414, 0.454484153742414, 0.45515846257585973, 0.45515846257585973, 0.4605529332434255, 0.4605529332434255, 0.4619015509103169, 0.4619015509103169, 0.46257585974376264, 0.46257585974376264, 0.46325016857720835, 0.46325016857720835, 0.46931894807821983, 0.46931894807821983, 0.4733648010788941, 0.4733648010788941, 0.47403910991233983, 0.47403910991233983, 0.4787592717464599, 0.4787592717464599, 0.4794335805799056, 0.4794335805799056, 0.48213081591368845, 0.48213081591368845, 0.48280512474713416, 0.48280512474713416, 0.48415374241402565, 0.48415374241402565, 0.4855023600809171, 0.4855023600809171, 0.4868509777478085, 0.4868509777478085, 0.4875252865812542, 0.4875252865812542, 0.4908968307484828, 0.4908968307484828, 0.4915711395819285, 0.4915711395819285, 0.4942683749157114, 0.4942683749157114, 0.50236008091706, 0.50236008091706, 0.5043830074173972, 0.5043830074173972, 0.5057316250842886, 0.5057316250842886, 0.50708024275118, 0.50708024275118, 0.5097774780849629, 0.5097774780849629, 0.5111260957518543, 0.5111260957518543, 0.5118004045853001, 0.5118004045853001, 0.5124747134187457, 0.5124747134187457, 0.5144976399190829, 0.5144976399190829, 0.5151719487525287, 0.5151719487525287, 0.5165205664194201, 0.5165205664194201, 0.5178691840863116, 0.5178691840863116, 0.5205664194200944, 0.5205664194200944, 0.5225893459204316, 0.5225893459204316, 0.5232636547538773, 0.5232636547538773, 0.5252865812542145, 0.5252865812542145, 0.5259608900876601, 0.5259608900876601, 0.5320296695886716, 0.5320296695886716, 0.5354012137559002, 0.5354012137559002, 0.5387727579231288, 0.5387727579231288, 0.5394470667565745, 0.5394470667565745, 0.5407956844234659, 0.5407956844234659, 0.5461901550910316, 0.5461901550910316, 0.5515846257585975, 0.5515846257585975, 0.5529332434254889, 0.5529332434254889, 0.5556304787592717, 0.5556304787592717, 0.5569790964261632, 0.5569790964261632, 0.5583277140930546, 0.5583277140930546, 0.559676331759946, 0.559676331759946, 0.5610249494268374, 0.5610249494268374, 0.5630478759271746, 0.5630478759271746, 0.5643964935940661, 0.5643964935940661, 0.571813890761969, 0.571813890761969, 0.5778826702629805, 0.5778826702629805, 0.5792312879298719, 0.5792312879298719, 0.5805799055967633, 0.5805799055967633, 0.5839514497639919, 0.5839514497639919, 0.5846257585974376, 0.5846257585974376, 0.585974376264329, 0.585974376264329, 0.5866486850977748, 0.5866486850977748, 0.5879973027646662, 0.5879973027646662, 0.5927174645987863, 0.5927174645987863, 0.5954146999325691, 0.5954146999325691, 0.5967633175994606, 0.5967633175994606, 0.5987862440997977, 0.5987862440997977, 0.6014834794335806, 0.6014834794335806, 0.6035064059339177, 0.6035064059339177, 0.6048550236008091, 0.6048550236008091, 0.6062036412677007, 0.6062036412677007, 0.6075522589345921, 0.6075522589345921, 0.6082265677680377, 0.6082265677680377, 0.6102494942683749, 0.6102494942683749, 0.6129467296021578, 0.6129467296021578, 0.6136210384356036, 0.6136210384356036, 0.6142953472690492, 0.6142953472690492, 0.6156439649359406, 0.6156439649359406, 0.6163182737693864, 0.6163182737693864, 0.6176668914362778, 0.6176668914362778, 0.6210384356035064, 0.6210384356035064, 0.6217127444369521, 0.6217127444369521, 0.6223870532703979, 0.6223870532703979, 0.6230613621038436, 0.6230613621038436, 0.6250842886041807, 0.6250842886041807, 0.6304787592717465, 0.6304787592717465, 0.6325016857720837, 0.6325016857720837, 0.6365475387727579, 0.6365475387727579, 0.6392447741065408, 0.6392447741065408, 0.6432906271072151, 0.6432906271072151, 0.6453135536075523, 0.6453135536075523, 0.6459878624409979, 0.6459878624409979, 0.6466621712744437, 0.6466621712744437, 0.6500337154416723, 0.6500337154416723, 0.650708024275118, 0.650708024275118, 0.6527309507754552, 0.6527309507754552, 0.6540795684423466, 0.6540795684423466, 0.655428186109238, 0.655428186109238, 0.6621712744436952, 0.6621712744436952, 0.6628455832771409, 0.6628455832771409, 0.6668914362778152, 0.6668914362778152, 0.6689143627781524, 0.6689143627781524, 0.6702629804450438, 0.6702629804450438, 0.6709372892784895, 0.6709372892784895, 0.6736345246122725, 0.6736345246122725, 0.6763317599460553, 0.6763317599460553, 0.681726230613621, 0.681726230613621, 0.6830748482805125, 0.6830748482805125, 0.6844234659474039, 0.6844234659474039, 0.6857720836142953, 0.6857720836142953, 0.6871207012811867, 0.6871207012811867, 0.6891436277815239, 0.6891436277815239, 0.6911665542818611, 0.6911665542818611, 0.6931894807821982, 0.6931894807821982, 0.6958867161159811, 0.6958867161159811, 0.6965610249494268, 0.6965610249494268, 0.7019554956169926, 0.7019554956169926, 0.706001348617667, 0.706001348617667, 0.7113958192852327, 0.7113958192852327, 0.7134187457855697, 0.7134187457855697, 0.7147673634524613, 0.7147673634524613, 0.7161159811193527, 0.7161159811193527, 0.7215104517869184, 0.7215104517869184, 0.7221847606203641, 0.7221847606203641, 0.7228590694538098, 0.7228590694538098, 0.729602157788267, 0.729602157788267, 0.7349966284558328, 0.7349966284558328, 0.7417397167902899, 0.7417397167902899, 0.7430883344571814, 0.7430883344571814, 0.7437626432906271, 0.7437626432906271, 0.74645987862441, 0.74645987862441, 0.7498314227916386, 0.7498314227916386, 0.7532029669588671, 0.7532029669588671, 0.7538772757923129, 0.7538772757923129, 0.7599460552933244, 0.7599460552933244, 0.76062036412677, 0.76062036412677, 0.7612946729602158, 0.7612946729602158, 0.7619689817936615, 0.7619689817936615, 0.7626432906271072, 0.7626432906271072, 0.7646662171274443, 0.7646662171274443, 0.7653405259608901, 0.7653405259608901, 0.7660148347943359, 0.7660148347943359, 0.7666891436277815, 0.7666891436277815, 0.7687120701281187, 0.7687120701281187, 0.7734322319622388, 0.7734322319622388, 0.7768037761294673, 0.7768037761294673, 0.7781523937963587, 0.7781523937963587, 0.7821982467970331, 0.7821982467970331, 0.7835468644639245, 0.7835468644639245, 0.7862440997977074, 0.7862440997977074, 0.7882670262980445, 0.7882670262980445, 0.7896156439649359, 0.7896156439649359, 0.7902899527983817, 0.7902899527983817, 0.7929871881321645, 0.7929871881321645, 0.7970330411328388, 0.7970330411328388, 0.7977073499662846, 0.7977073499662846, 0.8024275118004046, 0.8024275118004046, 0.8091706001348618, 0.8091706001348618, 0.8118678354686446, 0.8118678354686446, 0.8138907619689818, 0.8138907619689818, 0.8145650708024275, 0.8145650708024275, 0.8172623061362104, 0.8172623061362104, 0.8186109238031019, 0.8186109238031019, 0.8192852326365475, 0.8192852326365475, 0.8199595414699933, 0.8199595414699933, 0.825354012137559, 0.825354012137559, 0.8293998651382333, 0.8293998651382333, 0.8314227916385705, 0.8314227916385705, 0.8327714093054619, 0.8327714093054619, 0.842211732973702, 0.842211732973702, 0.8462575859743763, 0.8462575859743763, 0.8469318948078219, 0.8469318948078219, 0.8482805124747134, 0.8482805124747134, 0.8489548213081591, 0.8489548213081591, 0.8496291301416049, 0.8496291301416049, 0.8556979096426163, 0.8556979096426163, 0.8570465273095077, 0.8570465273095077, 0.8745785569790965, 0.8745785569790965, 0.8766014834794336, 0.8766014834794336, 0.8799730276466622, 0.8799730276466622, 0.8833445718138908, 0.8833445718138908, 0.8840188806473365, 0.8840188806473365, 0.8907619689817937, 0.8907619689817937, 0.8927848954821308, 0.8927848954821308, 0.8941335131490222, 0.8941335131490222, 0.894807821982468, 0.894807821982468, 0.8954821308159137, 0.8954821308159137, 0.8968307484828051, 0.8968307484828051, 0.8988536749831423, 0.8988536749831423, 0.9008766014834795, 0.9008766014834795, 0.9049224544841538, 0.9049224544841538, 0.908968307484828, 0.908968307484828, 0.9103169251517195, 0.9103169251517195, 0.9130141604855023, 0.9130141604855023, 0.9136884693189481, 0.9136884693189481, 0.9157113958192852, 0.9157113958192852, 0.9177343223196224, 0.9177343223196224, 0.9197572488199596, 0.9197572488199596, 0.9217801753202967, 0.9217801753202967, 0.9238031018206339, 0.9238031018206339, 0.9271746459878625, 0.9271746459878625, 0.9278489548213081, 0.9278489548213081, 0.9285232636547539, 0.9285232636547539, 0.933243425488874, 0.933243425488874, 0.9339177343223196, 0.9339177343223196, 0.935266351989211, 0.935266351989211, 0.9359406608226568, 0.9359406608226568, 0.9366149696561025, 0.9366149696561025, 0.9440323668240054, 0.9440323668240054, 0.9447066756574511, 0.9447066756574511, 0.947403910991234, 0.947403910991234, 0.9507754551584626, 0.9507754551584626, 0.9534726904922455, 0.9534726904922455, 0.9608900876601484, 0.9608900876601484, 0.9669588671611599, 0.9669588671611599, 0.968981793661497, 0.968981793661497, 0.9696561024949427, 0.9696561024949427, 0.9703304113283884, 0.9703304113283884, 0.9723533378287256, 0.9723533378287256, 0.9797707349966285, 0.9797707349966285, 0.9804450438300741, 0.9804450438300741, 0.983142279163857, 0.983142279163857, 0.98583951449764, 0.98583951449764, 0.9898853674983142, 0.9898853674983142, 0.9905596763317599, 0.9905596763317599, 0.9912339851652057, 0.9912339851652057, 0.9919082939986514, 0.9919082939986514, 0.9986513823331086, 0.9986513823331086, 1.0]

r_forest_tpr:[0.0, 0.0, 0.0, 0.005802707930367505, 0.005802707930367505, 0.007736943907156673, 0.007736943907156673, 0.009671179883945842, 0.009671179883945842, 0.01160541586073501, 0.01160541586073501, 0.013539651837524178, 0.013539651837524178, 0.015473887814313346, 0.015473887814313346, 0.017408123791102514, 0.017408123791102514, 0.02127659574468085, 0.02127659574468085, 0.02321083172147002, 0.02321083172147002, 0.025145067698259187, 0.025145067698259187, 0.027079303675048357, 0.027079303675048357, 0.030947775628626693, 0.030947775628626693, 0.03288201160541586, 0.03288201160541586, 0.03481624758220503, 0.03481624758220503, 0.03868471953578337, 0.03868471953578337, 0.0425531914893617, 0.0425531914893617, 0.04448742746615087, 0.04448742746615087, 0.05029013539651837, 0.05029013539651837, 0.05415860735009671, 0.05415860735009671, 0.05609284332688588, 0.05609284332688588, 0.058027079303675046, 0.058027079303675046, 0.059961315280464215, 0.059961315280464215, 0.061895551257253385, 0.061895551257253385, 0.06382978723404255, 0.06382978723404255, 0.06576402321083172, 0.06576402321083172, 0.06769825918762089, 0.06769825918762089, 0.07156673114119923, 0.07156673114119923, 0.0735009671179884, 0.0735009671179884, 0.07543520309477757, 0.07543520309477757, 0.08123791102514506, 0.08123791102514506, 0.08317214700193423, 0.08317214700193423, 0.0851063829787234, 0.0851063829787234, 0.08704061895551257, 0.08704061895551257, 0.09090909090909091, 0.09090909090909091, 0.09284332688588008, 0.09284332688588008, 0.09477756286266925, 0.09477756286266925, 0.09671179883945841, 0.09671179883945841, 0.09864603481624758, 0.09864603481624758, 0.10251450676982592, 0.10251450676982592, 0.10444874274661509, 0.10444874274661509, 0.10638297872340426, 0.10638297872340426, 0.10831721470019343, 0.10831721470019343, 0.1102514506769826, 0.1102514506769826, 0.11411992263056092, 0.11411992263056092, 0.11798839458413926, 0.11798839458413926, 0.11992263056092843, 0.11992263056092843, 0.1218568665377176, 0.1218568665377176, 0.12379110251450677, 0.12379110251450677, 0.12572533849129594, 0.12572533849129594, 0.1276595744680851, 0.1276595744680851, 0.12959381044487428, 0.12959381044487428, 0.13152804642166344, 0.13152804642166344, 0.13539651837524178, 0.13539651837524178, 0.13733075435203096, 0.13733075435203096, 0.13926499032882012, 0.13926499032882012, 0.14119922630560927, 0.14119922630560927, 0.14313346228239845, 0.14313346228239845, 0.1470019342359768, 0.1470019342359768, 0.14893617021276595, 0.14893617021276595, 0.15087040618955513, 0.15087040618955513, 0.15667311411992263, 0.15667311411992263, 0.15860735009671179, 0.15860735009671179, 0.16054158607350097, 0.16054158607350097, 0.16247582205029013, 0.16247582205029013, 0.1644100580270793, 0.1644100580270793, 0.16634429400386846, 0.16634429400386846, 0.16827852998065765, 0.16827852998065765, 0.1702127659574468, 0.1702127659574468, 0.1760154738878143, 0.1760154738878143, 0.17794970986460348, 0.17794970986460348, 0.17988394584139264, 0.17988394584139264, 0.18181818181818182, 0.18181818181818182, 0.18375241779497098, 0.18375241779497098, 0.18568665377176016, 0.18568665377176016, 0.18762088974854932, 0.18762088974854932, 0.19148936170212766, 0.19148936170212766, 0.19342359767891681, 0.19342359767891681, 0.19729206963249515, 0.19729206963249515, 0.19922630560928434, 0.19922630560928434, 0.2011605415860735, 0.2011605415860735, 0.20309477756286268, 0.20309477756286268, 0.20502901353965183, 0.20502901353965183, 0.20696324951644102, 0.20696324951644102, 0.20889748549323017, 0.20889748549323017, 0.2127659574468085, 0.2127659574468085, 0.21470019342359767, 0.21470019342359767, 0.21663442940038685, 0.21663442940038685, 0.218568665377176, 0.218568665377176, 0.2205029013539652, 0.2205029013539652, 0.22243713733075435, 0.22243713733075435, 0.22437137330754353, 0.22437137330754353, 0.2263056092843327, 0.2263056092843327, 0.22823984526112184, 0.22823984526112184, 0.23404255319148937, 0.23404255319148937, 0.23984526112185686, 0.23984526112185686, 0.2437137330754352, 0.2437137330754352, 0.24564796905222436, 0.24564796905222436, 0.24758220502901354, 0.24758220502901354, 0.2514506769825919, 0.2514506769825919, 0.2572533849129594, 0.2572533849129594, 0.25918762088974856, 0.25918762088974856, 0.2611218568665377, 0.2611218568665377, 0.26305609284332687, 0.26305609284332687, 0.26499032882011603, 0.26499032882011603, 0.26692456479690524, 0.26692456479690524, 0.2727272727272727, 0.2727272727272727, 0.2746615087040619, 0.2746615087040619, 0.2765957446808511, 0.2765957446808511, 0.27852998065764023, 0.27852998065764023, 0.2804642166344294, 0.2804642166344294, 0.28433268858800775, 0.28433268858800775, 0.2862669245647969, 0.2862669245647969, 0.28820116054158607, 0.28820116054158607, 0.2901353965183752, 0.2901353965183752, 0.29206963249516443, 0.29206963249516443, 0.2940038684719536, 0.2940038684719536, 0.29593810444874274, 0.29593810444874274, 0.2978723404255319, 0.2978723404255319, 0.29980657640232106, 0.29980657640232106, 0.30174081237911027, 0.30174081237911027, 0.3036750483558994, 0.3036750483558994, 0.3056092843326886, 0.3056092843326886, 0.30754352030947774, 0.30754352030947774, 0.30947775628626695, 0.30947775628626695, 0.31334622823984526, 0.31334622823984526, 0.3152804642166344, 0.3152804642166344, 0.3191489361702128, 0.3191489361702128, 0.32108317214700194, 0.32108317214700194, 0.3230174081237911, 0.3230174081237911, 0.32495164410058025, 0.32495164410058025, 0.32688588007736946, 0.32688588007736946, 0.3288201160541586, 0.3288201160541586, 0.3307543520309478, 0.3307543520309478, 0.33268858800773693, 0.33268858800773693, 0.3365570599613153, 0.3365570599613153, 0.33849129593810445, 0.33849129593810445, 0.3404255319148936, 0.3404255319148936, 0.34235976789168276, 0.34235976789168276, 0.344294003868472, 0.344294003868472, 0.34622823984526113, 0.34622823984526113, 0.35009671179883944, 0.35009671179883944, 0.35589941972920697, 0.35589941972920697, 0.3578336557059961, 0.3578336557059961, 0.3597678916827853, 0.3597678916827853, 0.36363636363636365, 0.36363636363636365, 0.3655705996131528, 0.3655705996131528, 0.36750483558994196, 0.36750483558994196, 0.3713733075435203, 0.3713733075435203, 0.3733075435203095, 0.3733075435203095, 0.37524177949709864, 0.37524177949709864, 0.3771760154738878, 0.3771760154738878, 0.379110251450677, 0.379110251450677, 0.38104448742746616, 0.38104448742746616, 0.38878143133462284, 0.38878143133462284, 0.390715667311412, 0.390715667311412, 0.39264990328820115, 0.39264990328820115, 0.3945841392649903, 0.3945841392649903, 0.3965183752417795, 0.3965183752417795, 0.3984526112185687, 0.3984526112185687, 0.40038684719535783, 0.40038684719535783, 0.402321083172147, 0.402321083172147, 0.40618955512572535, 0.40618955512572535, 0.4081237911025145, 0.4081237911025145, 0.4158607350096712, 0.4158607350096712, 0.41779497098646035, 0.41779497098646035, 0.4197292069632495, 0.4197292069632495, 0.42166344294003866, 0.42166344294003866, 0.42359767891682787, 0.42359767891682787, 0.425531914893617, 0.425531914893617, 0.4274661508704062, 0.4274661508704062, 0.42940038684719534, 0.42940038684719534, 0.43133462282398455, 0.43133462282398455, 0.4332688588007737, 0.4332688588007737, 0.43520309477756286, 0.43520309477756286, 0.437137330754352, 0.437137330754352, 0.4410058027079304, 0.4410058027079304, 0.4448742746615087, 0.4448742746615087, 0.44874274661508706, 0.44874274661508706, 0.4526112185686654, 0.4526112185686654, 0.45454545454545453, 0.45454545454545453, 0.4564796905222437, 0.4564796905222437, 0.4584139264990329, 0.4584139264990329, 0.46034816247582205, 0.46034816247582205, 0.4622823984526112, 0.4622823984526112, 0.46421663442940037, 0.46421663442940037, 0.46808510638297873, 0.46808510638297873, 0.4700193423597679, 0.4700193423597679, 0.47195357833655704, 0.47195357833655704, 0.4738878143133462, 0.4738878143133462, 0.4758220502901354, 0.4758220502901354, 0.47775628626692457, 0.47775628626692457, 0.4796905222437137, 0.4796905222437137, 0.4816247582205029, 0.4816247582205029, 0.4835589941972921, 0.4835589941972921, 0.48549323017408125, 0.48549323017408125, 0.4874274661508704, 0.4874274661508704, 0.48936170212765956, 0.48936170212765956, 0.4912959381044487, 0.4912959381044487, 0.4932301740812379, 0.4932301740812379, 0.4951644100580271, 0.4951644100580271, 0.49709864603481624, 0.49709864603481624, 0.4990328820116054, 0.4990328820116054, 0.5009671179883946, 0.5009671179883946, 0.5029013539651838, 0.5029013539651838, 0.5067698259187621, 0.5067698259187621, 0.5087040618955513, 0.5087040618955513, 0.5106382978723404, 0.5106382978723404, 0.5125725338491296, 0.5125725338491296, 0.5145067698259188, 0.5145067698259188, 0.5164410058027079, 0.5164410058027079, 0.5183752417794971, 0.5183752417794971, 0.5222437137330754, 0.5222437137330754, 0.5241779497098646, 0.5241779497098646, 0.5261121856866537, 0.5261121856866537, 0.528046421663443, 0.528046421663443, 0.5338491295938105, 0.5338491295938105, 0.5357833655705996, 0.5357833655705996, 0.5377176015473888, 0.5377176015473888, 0.539651837524178, 0.539651837524178, 0.5435203094777563, 0.5435203094777563, 0.5493230174081238, 0.5493230174081238, 0.5512572533849129, 0.5512572533849129, 0.5531914893617021, 0.5531914893617021, 0.5551257253384912, 0.5551257253384912, 0.5570599613152805, 0.5570599613152805, 0.5609284332688588, 0.5609284332688588, 0.5647969052224371, 0.5647969052224371, 0.5667311411992263, 0.5667311411992263, 0.5705996131528046, 0.5705996131528046, 0.5725338491295938, 0.5725338491295938, 0.574468085106383, 0.574468085106383, 0.5764023210831721, 0.5764023210831721, 0.5783365570599613, 0.5783365570599613, 0.586073500967118, 0.586073500967118, 0.5880077369439072, 0.5880077369439072, 0.5899419729206963, 0.5899419729206963, 0.5918762088974855, 0.5918762088974855, 0.5957446808510638, 0.5957446808510638, 0.597678916827853, 0.597678916827853, 0.5996131528046421, 0.5996131528046421, 0.6015473887814313, 0.6015473887814313, 0.6034816247582205, 0.6034816247582205, 0.6054158607350096, 0.6054158607350096, 0.6073500967117988, 0.6073500967117988, 0.6092843326885881, 0.6092843326885881, 0.6112185686653772, 0.6112185686653772, 0.6150870406189555, 0.6150870406189555, 0.6170212765957447, 0.6170212765957447, 0.6189555125725339, 0.6189555125725339, 0.620889748549323, 0.620889748549323, 0.6228239845261122, 0.6228239845261122, 0.6247582205029013, 0.6247582205029013, 0.6286266924564797, 0.6286266924564797, 0.6305609284332688, 0.6305609284332688, 0.6363636363636364, 0.6363636363636364, 0.6421663442940039, 0.6421663442940039, 0.6441005802707931, 0.6441005802707931, 0.6460348162475822, 0.6460348162475822, 0.6499032882011605, 0.6499032882011605, 0.655705996131528, 0.655705996131528, 0.6576402321083172, 0.6576402321083172, 0.6595744680851063, 0.6595744680851063, 0.6615087040618955, 0.6615087040618955, 0.6634429400386848, 0.6634429400386848, 0.6653771760154739, 0.6653771760154739, 0.6692456479690522, 0.6692456479690522, 0.6711798839458414, 0.6711798839458414, 0.6731141199226306, 0.6731141199226306, 0.6750483558994197, 0.6750483558994197, 0.6769825918762089, 0.6769825918762089, 0.6789168278529981, 0.6789168278529981, 0.6808510638297872, 0.6808510638297872, 0.6827852998065764, 0.6827852998065764, 0.6847195357833655, 0.6847195357833655, 0.6866537717601547, 0.6866537717601547, 0.688588007736944, 0.688588007736944, 0.6943907156673114, 0.6943907156673114, 0.6963249516441006, 0.6963249516441006, 0.6982591876208898, 0.6982591876208898, 0.7021276595744681, 0.7021276595744681, 0.7040618955512572, 0.7040618955512572, 0.7079303675048356, 0.7079303675048356, 0.7098646034816247, 0.7098646034816247, 0.7117988394584139, 0.7117988394584139, 0.7137330754352031, 0.7137330754352031, 0.7176015473887815, 0.7176015473887815, 0.7195357833655706, 0.7195357833655706, 0.723404255319149, 0.723404255319149, 0.7253384912959381, 0.7253384912959381, 0.7292069632495164, 0.7292069632495164, 0.7330754352030948, 0.7330754352030948, 0.7350096711798839, 0.7350096711798839, 0.7388781431334622, 0.7388781431334622, 0.7408123791102514, 0.7408123791102514, 0.7427466150870407, 0.7427466150870407, 0.7446808510638298, 0.7446808510638298, 0.7485493230174082, 0.7485493230174082, 0.7524177949709865, 0.7524177949709865, 0.7543520309477756, 0.7543520309477756, 0.7562862669245648, 0.7562862669245648, 0.758220502901354, 0.758220502901354, 0.7620889748549323, 0.7620889748549323, 0.7659574468085106, 0.7659574468085106, 0.7678916827852998, 0.7678916827852998, 0.7736943907156673, 0.7736943907156673, 0.7756286266924565, 0.7756286266924565, 0.7775628626692457, 0.7775628626692457, 0.7794970986460348, 0.7794970986460348, 0.781431334622824, 0.781431334622824, 0.7833655705996132, 0.7833655705996132, 0.7852998065764023, 0.7852998065764023, 0.7872340425531915, 0.7872340425531915, 0.7891682785299806, 0.7891682785299806, 0.7911025145067698, 0.7911025145067698, 0.7949709864603481, 0.7949709864603481, 0.7969052224371374, 0.7969052224371374, 0.7988394584139265, 0.7988394584139265, 0.8007736943907157, 0.8007736943907157, 0.8027079303675049, 0.8027079303675049, 0.804642166344294, 0.804642166344294, 0.8065764023210832, 0.8065764023210832, 0.8085106382978723, 0.8085106382978723, 0.8104448742746615, 0.8104448742746615, 0.8123791102514507, 0.8123791102514507, 0.8143133462282398, 0.8143133462282398, 0.816247582205029, 0.816247582205029, 0.8181818181818182, 0.8181818181818182, 0.8201160541586073, 0.8201160541586073, 0.8239845261121856, 0.8239845261121856, 0.8259187620889749, 0.8259187620889749, 0.8278529980657641, 0.8278529980657641, 0.8297872340425532, 0.8297872340425532, 0.8317214700193424, 0.8317214700193424, 0.8355899419729207, 0.8355899419729207, 0.8375241779497099, 0.8375241779497099, 0.839458413926499, 0.839458413926499, 0.8433268858800773, 0.8433268858800773, 0.851063829787234, 0.851063829787234, 0.8529980657640233, 0.8529980657640233, 0.8588007736943907, 0.8588007736943907, 0.8626692456479691, 0.8626692456479691, 0.8646034816247582, 0.8646034816247582, 0.8665377176015474, 0.8665377176015474, 0.8684719535783365, 0.8684719535783365, 0.8704061895551257, 0.8704061895551257, 0.8723404255319149, 0.8723404255319149, 0.8762088974854932, 0.8762088974854932, 0.8781431334622823, 0.8781431334622823, 0.8820116054158608, 0.8820116054158608, 0.8839458413926499, 0.8839458413926499, 0.8878143133462283, 0.8878143133462283, 0.8897485493230174, 0.8897485493230174, 0.8916827852998066, 0.8916827852998066, 0.8936170212765957, 0.8936170212765957, 0.8974854932301741, 0.8974854932301741, 0.8994197292069632, 0.8994197292069632, 0.9013539651837524, 0.9013539651837524, 0.9032882011605415, 0.9032882011605415, 0.9052224371373307, 0.9052224371373307, 0.90715667311412, 0.90715667311412, 0.9110251450676983, 0.9110251450676983, 0.9129593810444874, 0.9129593810444874, 0.9148936170212766, 0.9148936170212766, 0.9187620889748549, 0.9187620889748549, 0.9245647969052224, 0.9245647969052224, 0.9264990328820116, 0.9264990328820116, 0.9284332688588007, 0.9284332688588007, 0.9303675048355899, 0.9303675048355899, 0.9342359767891683, 0.9342359767891683, 0.9361702127659575, 0.9361702127659575, 0.9381044487427466, 0.9381044487427466, 0.9400386847195358, 0.9400386847195358, 0.941972920696325, 0.941972920696325, 0.9439071566731141, 0.9439071566731141, 0.9458413926499033, 0.9458413926499033, 0.9477756286266924, 0.9477756286266924, 0.9535783365570599, 0.9535783365570599, 0.9555125725338491, 0.9555125725338491, 0.9574468085106383, 0.9574468085106383, 0.965183752417795, 0.965183752417795, 0.9671179883945842, 0.9671179883945842, 0.9748549323017408, 0.9748549323017408, 0.97678916827853, 0.97678916827853, 0.9787234042553191, 0.9787234042553191, 0.9806576402321083, 0.9806576402321083, 0.9845261121856866, 0.9845261121856866, 0.9864603481624759, 0.9864603481624759, 0.988394584139265, 0.988394584139265, 0.9922630560928434, 0.9922630560928434, 0.9941972920696325, 0.9941972920696325, 0.9961315280464217, 0.9961315280464217, 1.0, 1.0]